194,144,17,119,102,177,113,80,90,68,192,126,23,172,56,18,43,61,169,171,37,88,130,193,42,118,44,114,143,157,91,87,60,93,12,147,10,3,165,159,64,132,103,136,181,0,189,127,49,28,117,107,134,123,166,125,73,69,2,120,178,32,138,19,148,195,145,198,185,71,100,36,97,40,45,139,22,26,164,133,13,51,25,39,62,5,41,65,84,74,7,116,188,104,101,191,4,38,47,154
2,80,171,10,148,195,97,37,113,169,165,174,106,32,192,99,179,90,60,65,42,177,49,116,194,132,56,57,23,72,197,79,119,154,91,193,146,145,163,180,14,120,84,126,33,147,1,67,105,74,3,94,155,61,190,172,40,0,87,130,136,18,159,166,102,5,21,142,38,104,20,112,68,196,170,19,50,143,124,27,63,39,8,114,160,9,92,137,95,43,45,115,30,26,185,46,44,167,133,55
170,45,74,160,197,72,145,177,130,54,75,150,188,21,34,120,65,90,28,178,192,155,32,56,167,169,33,87,23,180,24,109,198,79,104,111,127,193,191,15,147,84,196,19,123,163,27,124,73,162,89,7,58,136,159,128,181,59,29,185,30,92,26,83,171,148,6,119,85,106,1,51,187,125,14,143,43,135,76,101,64,153,114,20,16,174,137,25,69,105,133,186,168,131,134,70,42,194,176,141
1,90,154,97,14,10,99,32,23,195,91,113,119,171,174,37,169,105,147,155,57,148,80,106,65,60,49,193,42,40,126,3,192,137,179,159,194,146,24,46,116,197,160,25,112,163,190,177,102,161,44,104,108,87,132,165,56,74,172,114,143,30,0,72,191,166,130,142,2,67,18,47,145,50,68,64,162,134,33,38,19,28,26,120,84,51,55,43,153,115,168,121,61,186,164,185,45,136,196,178
40,136,179,18,113,103,169,68,104,174,125,151,33,175,45,165,30,92,36,133,168,186,72,79,177,5,74,43,154,191,127,42,19,140,190,123,3,170,32,50,124,14,17,122,100,73,76,67,147,195,96,6,95,85,115,11,163,172,0,97,56,167,55,1,159,181,102,77,21,66,173,65,90,80,171,146,158,59,106,192,128,196,176,130,27,99,120,143,166,87,148,114,15,119,109,145,29,185,81,10
62,107,22,152,47,48,118,194,39,188,69,65,52,144,38,134,7,181,53,17,149,126,0,116,86,164,117,35,88,61,54,196,170,138,191,70,82,71,123,44,21,56,167,157,132,57,129,91,180,13,78,141,192,34,135,105,15,156,189,198,81,25,28,76,162,16,58,112,93,20,133,75,102,2,101,85,31,159,155,136,98,10,66,23,92,80,87,24,184,106,142,128,150,119,177,29,49,19,176,27
120,79,68,6,72,128,56,127,136,146,59,33,161,147,12,185,159,133,172,4,165,171,53,177,109,187,113,125,80,34,37,61,65,90,124,154,180,29,163,14,11,18,21,103,119,96,45,74,92,167,27,193,132,198,15,20,39,1,121,102,25,123,43,170,89,183,100,2,75,194,93,145,166,82,32,138,97,179,73,10,23,186,30,149,130,169,40,0,95,168,184,131,101,54,150,192,191,174,181,190
128,79,33,127,120,6,163,136,34,89,109,103,133,29,72,92,177,59,161,124,82,12,183,185,21,145,18,123,20,167,56,101,68,146,40,172,187,125,153,43,45,96,165,4,75,74,27,168,53,2,158,175,147,73,131,173,15,186,170,11,32,93,159,150,184,180,191,192,61,178,30,122,171,132,35,169,95,130,179,19,78,54,181,65,100,36,90,139,141,196,94,80,190,110,106,174,99,154,10,115
188,181,73,81,87,134,45,143,24,123,83,15,94,70,42,167,187,17,32,196,43,170,127,163,191,103,2,85,177,21,111,108,29,117,34,130,192,198,28,23,89,99,157,76,91,47,195,56,48,71,136,31,148,52,135,139,98,20,101,75,119,129,178,128,35,74,37,151,68,150,38,65,145,115,90,105,162,109,12,185,88,102,107,58,5,186,104,154,168,184,63,54,36,40,172,155,0,69,158,125
26,84,148,42,60,80,51,195,130,192,178,171,174,108,97,18,177,37,87,143,179,36,95,19,182,155,158,76,183,99,32,55,24,140,44,186,128,94,50,63,169,35,10,1,20,163,29,191,64,139,111,43,34,13,150,116,31,75,122,100,40,67,23,104,196,15,91,81,175,197,119,89,38,28,46,73,74,126,141,21,145,39,113,68,156,101,153,41,61,160,72,103,0,106,92,79,4,187,194,30
114,142,67,49,166,122,121,100,60,131,180,165,57,156,125,58,161,54,193,162,147,69,102,126,159,38,138,53,66,171,80,179,137,86,14,1,20,104,97,164,65,71,90,22,25,28,18,55,68,91,56,3,152,185,42,176,155,45,120,148,41,72,132,79,74,116,19,61,197,76,118,163,89,85,44,129,9,111,29,21,33,144,173,141,150,117,112,59,62,195,146,154,0,105,40,23,172,10,194,6
1,3,163,148,32,195,80,192,37,60,154,99,42,23,97,194,56,91,84,106,116,113,119,177,35,26,65,90,196,94,89,175,143,46,170,102,126,44,136,171,132,165,0,128,87,146,169,68,14,130,61,174,108,11,15,47,193,73,156,38,134,93,64,138,191,20,75,18,133,70,9,2,101,147,51,40,172,57,24,4,178,6,197,72,34,49,141,103,117,33,179,43,39,105,50,127,140,7,107,120
141,64,100,170,136,186,191,133,196,125,190,54,165,92,85,33,175,117,36,123,127,51,124,73,88,68,59,67,18,168,102,128,4,96,163,65,70,6,30,71,173,162,58,81,7,50,72,140,79,11,177,20,156,83,84,183,15,75,187,122,93,138,181,2,146,27,159,26,87,161,95,192,66,154,34,29,45,151,167,82,120,56,40,169,28,80,17,32,194,148,179,13,99,103,174,43,139,46,195,101
109,198,172,120,43,185,139,34,83,29,127,68,56,178,187,61,6,119,177,129,136,33,90,39,147,23,7,134,128,159,89,123,146,133,0,79,171,164,169,74,75,130,113,161,181,93,91,73,80,145,37,154,183,194,115,189,151,166,18,101,191,192,103,131,153,188,45,121,96,157,163,8,53,2,124,144,65,36,195,25,41,60,64,15,186,170,149,99,87,11,51,14,21,32,138,44,180,58,24,150
66,173,29,95,128,141,53,136,162,158,41,191,157,121,34,58,76,150,36,54,196,19,127,78,40,118,102,30,92,43,117,133,18,168,131,73,28,110,33,27,104,183,101,70,71,192,17,69,140,185,176,24,178,138,79,170,122,137,67,100,75,179,184,56,9,45,0,96,35,84,108,12,26,83,64,22,144,38,153,65,177,130,39,82,51,21,109,88,15,120,99,59,89,74,154,20,123,194,7,93
147,90,56,72,3,23,74,180,154,193,159,171,114,68,166,161,119,15,120,138,55,186,185,65,40,45,172,167,4,134,25,79,104,142,179,18,155,1,32,21,44,6,91,37,125,60,150,2,163,73,11,97,130,19,108,102,198,162,132,165,158,80,30,59,191,160,113,101,121,103,49,177,43,127,50,174,170,61,10,122,169,197,146,128,67,29,33,140,176,26,7,109,145,168,53,62,13,136,95,144
56,21,72,130,94,127,74,188,177,134,170,163,81,73,84,138,128,139,103,167,181,34,136,192,43,8,145,2,29,15,75,32,17,23,26,79,18,133,40,45,35,120,55,108,198,104,191,68,20,123,33,36,140,187,196,158,61,19,178,7,143,70,147,11,148,175,6,197,12,141,149,179,186,78,62,172,119,96,184,4,117,92,169,59,109,63,27,115,101,150,47,54,39,65,90,89,144,114,176,116
69,197,135,88,189,117,2,107,28,45,64,51,24,164,87,111,194,155,192,137,160,54,169,19,71,162,58,157,150,26,62,141,153,44,105,84,30,0,57,17,14,178,170,196,118,76,191,22,104,73,85,83,82,90,74,46,65,131,41,49,109,113,177,145,89,108,174,130,142,35,132,168,43,159,92,12,156,66,126,119,129,33,9,166,81,147,186,32,148,75,143,36,93,190,3,50,31,124,5,125
144,0,194,181,88,18,85,103,117,177,8,69,16,81,102,157,43,188,143,100,136,71,4,125,123,184,192,22,21,127,19,73,119,62,134,139,68,42,82,87,163,170,104,35,36,45,93,169,74,187,107,56,147,40,191,122,114,130,29,133,176,14,32,47,148,31,118,145,23,80,141,94,195,64,90,12,158,70,41,140,48,33,113,28,5,162,196,108,55,173,132,186,168,165,115,54,92,61,178,172
55,186,40,95,4,68,101,191,179,103,192,136,79,177,127,43,140,80,19,71,100,163,42,175,147,99,18,159,195,148,133,0,119,56,30,165,184,169,74,171,88,128,182,20,102,168,130,72,123,33,125,90,7,170,67,144,60,38,154,29,16,126,194,97,36,73,23,183,32,15,64,139,12,9,51,21,172,6,45,94,96,117,92,104,150,108,34,181,187,59,14,44,113,25,1,89,196,61,143,178
21,74,40,179,27,150,191,147,67,19,192,176,45,122,185,169,33,104,54,72,29,65,162,155,158,58,124,34,120,2,4,170,159,128,69,66,115,30,56,125,167,171,76,26,184,114,136,109,79,14,177,145,90,130,163,144,28,68,43,197,18,41,127,16,157,9,73,117,15,166,100,133,101,123,59,75,95,92,132,143,196,85,175,37,87,172,0,86,42,1,111,168,186,55,178,97,81,102,7,137
163,127,59,128,196,180,38,39,32,79,148,73,94,19,34,192,29,136,95,170,56,71,70,7,42,72,36,99,177,195,61,91,183,191,123,24,16,21,75,138,133,68,55,108,2,53,150,92,12,167,33,45,182,87,6,120,89,154,186,63,132,8,74,116,80,142,1,155,158,179,130,81,103,141,126,11,117,37,83,153,43,48,131,9,197,156,101,143,84,46,166,187,76,124,125,77,100,178,67,10
167,16,20,74,72,145,128,150,176,120,56,34,45,33,40,27,2,179,54,79,177,147,185,29,163,65,127,158,155,191,192,197,122,125,169,184,104,94,67,86,124,78,7,136,109,85,188,115,181,130,59,103,43,81,170,90,162,8,58,139,134,166,18,32,15,73,19,159,133,68,21,187,172,123,6,66,30,4,92,143,76,114,171,53,35,75,39,1,196,41,28,61,180,70,174,106,138,84,23,131
62,48,189,152,47,118,107,69,164,5,126,144,18,93,44,154,142,157,121,38,117,53,91,194,0,88,147,86,184,52,153,14,149,10,71,129,166,191,101,134,161,156,29,138,173,159,19,131,102,66,136,105,132,95,23,119,13,185,75,120,56,116,17,81,39,170,196,187,61,21,114,35,70,188,16,20,85,82,22,25,89,90,65,34,24,181,178,133,68,8,146,162,31,33,180,155,168,128,192,150
119,91,90,56,130,60,134,44,177,37,198,147,15,3,194,155,32,24,80,43,61,113,97,193,171,178,108,0,172,74,192,11,2,99,195,138,189,148,68,197,49,163,13,160,153,26,188,1,89,16,55,39,154,84,166,42,126,87,29,114,143,40,169,170,145,75,127,191,19,159,72,47,101,73,135,34,144,139,8,106,64,46,65,158,116,185,25,51,102,129,161,120,180,181,104,83,52,45,136,187
108,87,91,196,51,32,135,99,31,155,24,70,73,150,119,8,177,168,153,111,30,191,192,197,130,148,83,2,46,42,26,158,195,90,37,160,170,64,181,84,163,43,188,88,92,45,189,178,143,76,89,29,123,21,3,198,112,127,106,154,48,141,117,34,38,162,49,59,44,140,28,174,39,157,9,81,147,173,104,182,61,52,186,71,107,40,136,75,169,56,74,36,95,126,187,57,14,105,101,17
159,147,162,65,90,112,121,30,184,142,124,120,168,186,54,45,52,114,58,160,191,133,161,119,123,15,150,33,28,151,27,154,136,172,185,96,3,56,40,92,170,80,76,86,24,2,180,19,85,79,113,6,169,74,111,127,87,171,68,129,166,20,173,105,73,104,144,55,38,109,198,88,155,48,31,194,181,82,13,196,0,69,4,122,156,125,167,165,81,41,64,10,100,132,179,57,72,91,75,25
84,51,9,104,140,36,130,44,108,196,170,178,192,169,25,50,141,177,11,174,24,64,191,46,195,16,143,75,20,87,2,168,70,92,136,42,106,30,56,60,40,74,32,37,148,155,158,197,113,99,175,119,43,139,91,101,183,73,138,76,133,55,97,19,12,134,150,95,188,90,4,34,163,29,0,160,33,171,173,80,31,111,89,1,186,157,194,81,179,72,3,198,14,145,115,117,15,118,21,135
124,133,33,78,96,136,65,120,20,128,66,22,34,191,179,79,185,40,170,184,54,29,150,2,67,95,109,92,72,75,176,45,196,30,151,167,74,169,104,127,7,26,106,112,82,41,146,162,58,115,6,123,183,159,192,4,85,14,175,36,122,147,174,59,56,53,76,84,12,190,1,178,168,16,154,145,70,177,163,173,28,131,155,158,73,99,141,197,77,21,86,101,19,165,132,130,125,69,35,111
162,54,58,41,122,87,45,114,85,76,160,2,66,111,176,65,193,125,42,155,69,57,143,137,191,159,64,67,169,150,178,26,105,90,83,73,20,121,8,104,188,181,185,30,40,0,167,81,179,170,52,148,177,17,197,25,86,100,75,14,123,22,190,74,49,141,192,33,130,173,29,34,131,151,168,136,117,28,109,12,53,88,102,186,194,145,3,31,32,80,99,18,158,89,196,4,92,10,24,72
34,128,191,130,185,89,136,127,178,163,109,131,123,73,158,74,33,22,43,177,75,13,7,150,133,56,40,45,95,120,117,20,170,79,14,28,83,16,192,21,176,101,76,153,41,198,187,87,188,99,24,71,19,155,67,39,139,68,32,58,53,2,124,167,100,181,65,54,8,25,162,66,103,147,196,6,96,157,72,186,119,81,179,154,145,35,108,36,175,137,161,60,91,195,169,166,61,125,143,122
168,92,150,159,173,51,104,191,140,33,196,40,45,36,136,141,26,162,169,65,70,121,174,59,112,170,50,124,76,85,25,147,95,4,184,179,111,64,186,19,133,79,74,66,127,158,54,90,160,142,155,120,31,123,69,20,58,151,73,28,2,109,115,96,167,78,27,183,12,72,177,181,22,29,108,77,113,14,84,43,131,153,154,180,88,125,190,166,3,15,99,7,87,67,197,161,185,119,145,172
160,25,51,140,87,181,168,31,46,64,119,70,8,177,186,55,196,81,188,92,143,111,52,108,182,187,178,191,76,159,88,155,18,99,148,24,150,116,80,141,26,27,90,91,9,84,173,29,162,48,135,42,35,136,43,169,170,174,129,153,96,121,36,192,75,184,107,2,130,123,19,105,85,98,47,194,32,145,127,139,62,197,195,73,60,158,44,134,113,104,16,54,95,61,45,0,100,167,40,142
148,177,163,192,195,42,37,130,11,3,25,197,99,106,24,80,119,94,91,1,87,174,108,43,143,56,89,21,72,2,194,155,145,127,73,60,128,116,154,90,34,84,196,8,16,170,35,171,136,169,74,61,178,75,4,187,167,30,137,19,79,83,15,46,103,22,57,63,134,27,139,68,158,135,70,97,181,190,49,113,39,9,193,55,102,7,157,186,188,153,45,100,59,172,71,126,40,147,0,125
136,124,133,120,79,28,7,127,109,31,96,169,92,65,170,185,22,34,115,128,183,159,145,184,191,30,40,6,66,45,85,72,4,74,75,20,179,54,177,168,59,104,2,36,82,131,147,173,141,196,190,174,12,13,151,19,150,58,123,167,192,146,56,125,178,121,43,95,165,163,67,78,113,161,162,90,26,175,41,1,140,73,64,16,106,186,99,154,51,70,50,84,114,89,137,76,21,180,68,101
128,30,75,127,177,136,185,22,34,120,183,28,191,133,7,2,56,13,192,109,178,163,198,79,130,89,61,43,39,157,16,170,73,150,33,94,20,123,21,145,101,167,40,45,172,187,96,95,35,188,6,108,153,72,14,74,124,53,181,65,54,139,8,196,83,158,41,87,68,99,24,155,148,84,25,19,197,88,76,66,119,103,143,111,176,92,131,186,59,169,81,51,58,179,36,78,90,147,162,64
128,89,187,192,101,11,99,33,148,94,35,163,16,177,136,178,167,30,75,194,22,18,195,116,80,149,8,82,9,181,84,7,42,81,188,87,157,170,95,143,184,93,191,137,130,107,79,14,88,133,78,2,19,103,47,145,32,127,155,24,25,46,73,106,197,63,60,65,139,117,134,64,20,34,1,41,29,27,28,119,39,154,12,97,5,70,51,44,174,43,37,153,110,108,186,132,40,54,196,169
140,141,51,127,92,31,104,168,136,196,84,27,73,191,133,123,34,76,4,183,59,81,175,170,12,64,173,186,70,66,50,21,19,68,14,150,103,45,151,95,96,40,46,169,174,108,124,16,181,85,9,30,177,43,139,111,87,158,128,18,117,120,28,77,25,86,159,109,115,35,179,130,78,79,192,0,56,143,20,125,178,88,7,74,75,100,188,113,121,163,13,185,39,147,65,69,190,8,61,154
33,171,119,24,91,68,1,177,116,80,148,11,3,56,192,130,42,102,60,195,90,193,163,49,113,87,43,25,194,61,172,0,154,99,134,72,6,97,38,146,198,108,147,143,73,39,15,187,9,126,27,89,106,74,169,44,94,155,197,13,138,19,166,20,178,103,144,189,100,21,145,8,127,30,157,63,128,84,139,35,120,125,2,174,16,165,132,46,4,45,57,158,83,153,47,181,185,40,136,179
118,48,71,180,126,142,21,154,102,156,91,196,19,62,73,38,117,144,65,107,112,157,99,70,42,47,93,195,148,152,69,132,57,56,25,170,95,60,10,116,80,191,61,1,163,159,11,44,39,164,171,87,23,166,146,8,68,81,20,192,198,26,24,5,138,3,55,33,194,53,186,168,76,165,92,45,136,14,182,0,79,31,123,49,86,147,127,119,97,101,15,179,9,129,108,6,128,111,83,141
61,56,53,138,91,127,21,35,177,43,155,13,86,166,24,119,65,198,30,180,128,120,38,49,116,80,153,158,194,172,185,192,44,33,136,130,22,25,6,197,90,109,191,134,68,5,39,163,59,150,196,170,139,118,1,129,73,108,164,189,84,113,2,147,75,16,74,95,171,41,45,83,92,37,0,40,11,167,47,133,132,181,72,159,87,148,57,79,14,66,178,60,154,142,70,145,8,54,48,97
191,168,179,158,20,31,95,4,92,19,136,162,65,22,77,169,173,74,150,106,104,34,155,140,170,28,30,67,56,172,45,147,97,72,165,78,55,113,159,177,133,43,153,90,127,66,128,146,154,3,54,192,35,130,15,99,73,176,76,58,24,196,122,7,16,195,115,124,185,163,167,184,119,37,96,175,79,108,27,14,103,64,53,186,1,29,26,84,51,174,41,101,160,166,70,42,68,123,151,114
29,162,54,122,66,58,176,109,114,185,178,87,45,30,121,111,125,14,76,67,85,137,75,131,83,34,35,160,20,155,28,136,53,43,190,169,74,173,161,41,65,159,104,179,86,193,191,151,79,22,42,69,143,164,157,128,150,2,124,100,64,120,158,177,73,40,153,102,13,99,49,18,0,31,26,181,148,167,192,95,81,4,184,130,57,166,197,90,8,101,188,133,72,123,82,127,89,129,36,10
148,143,87,195,33,99,60,80,192,55,38,1,19,9,177,163,11,178,73,130,25,29,8,100,182,3,81,102,75,4,106,71,119,24,0,126,116,122,94,89,21,91,97,179,108,103,43,171,169,154,111,27,68,170,197,90,196,156,181,39,193,18,46,104,194,157,155,186,136,188,95,45,187,63,41,56,125,160,191,76,123,114,42,101,84,2,67,72,137,113,79,20,174,36,70,74,127,134,128,117
177,139,130,127,109,119,61,13,113,56,169,74,172,24,192,145,19,103,33,136,181,90,30,163,73,35,68,83,123,108,16,40,158,171,80,41,0,38,147,45,151,79,91,195,198,72,4,194,8,155,178,148,18,133,135,25,22,87,34,197,128,188,89,134,7,191,115,187,43,94,64,153,125,120,140,143,20,170,166,51,2,42,75,100,88,84,106,174,37,99,14,175,31,96,55,92,176,159,27,168
47,91,24,119,27,84,126,62,138,192,60,51,48,155,194,130,61,0,107,90,56,118,108,178,97,11,15,101,23,46,189,116,80,49,38,147,40,153,64,3,198,113,19,177,25,166,9,88,134,39,164,140,68,87,20,2,191,75,143,160,16,74,169,171,33,1,195,114,148,186,193,159,99,170,139,104,55,102,197,180,44,142,154,172,43,13,93,117,144,41,17,30,152,63,36,37,129,21,35,163
73,74,150,123,166,69,2,185,31,167,72,181,159,79,65,29,22,162,8,127,191,104,54,188,176,170,20,34,120,76,125,197,87,58,85,109,147,30,81,41,4,92,56,111,168,179,136,177,103,26,90,66,44,169,158,153,160,180,42,59,142,128,68,155,35,130,15,196,151,89,25,122,124,114,28,16,7,198,145,163,37,172,135,184,86,133,19,186,6,171,83,117,131,193,70,112,43,21,33,192
99,51,64,140,87,192,191,25,160,195,27,108,84,11,143,33,32,37,178,196,3,170,148,119,106,45,154,24,169,73,77,43,91,177,88,136,186,55,130,96,117,97,41,2,163,105,81,75,155,101,21,127,30,70,38,1,83,90,47,35,133,113,182,168,12,89,8,36,19,95,157,44,139,175,141,153,111,31,9,34,52,60,147,190,94,194,20,187,146,124,197,104,28,123,16,189,74,150,107,48
45,48,91,62,107,23,116,134,126,108,24,5,192,119,39,8,61,11,94,164,81,143,52,138,63,105,18,194,3,155,188,16,147,101,25,90,49,88,144,154,139,117,40,19,181,102,47,152,38,36,166,0,51,97,27,56,129,163,84,60,86,118,195,15,32,140,33,21,99,191,148,73,87,196,80,130,22,189,153,1,157,198,113,159,177,149,70,43,64,68,44,156,20,9,172,13,41,184,186,93
23,62,48,39,107,45,91,118,81,52,196,126,70,154,191,5,142,105,25,117,159,8,147,116,86,170,69,71,156,164,21,129,112,73,188,134,87,150,26,65,149,186,181,144,19,18,32,102,180,168,192,24,119,88,31,51,56,166,143,184,40,20,85,198,93,108,123,61,68,111,76,83,146,101,152,185,13,16,157,163,30,121,22,90,189,138,47,120,53,57,162,155,194,136,95,92,132,3,99,0
91,166,57,155,90,138,193,10,1,61,131,171,38,3,24,130,197,53,119,164,126,114,113,137,105,153,40,177,147,116,56,45,0,172,169,74,33,60,102,194,25,192,176,145,180,66,63,161,29,108,121,15,189,83,125,120,106,44,174,185,107,67,48,11,2,132,158,165,80,42,46,148,195,159,72,87,86,109,65,97,134,39,30,163,118,198,112,162,22,73,21,43,142,64,68,104,69,143,111,52
174,31,104,59,169,140,27,168,115,37,4,92,51,158,179,72,190,84,125,34,12,108,136,175,141,90,41,183,19,173,9,155,1,196,113,3,79,177,15,44,195,124,67,171,74,68,100,197,147,150,11,20,111,186,109,145,181,95,64,65,165,46,172,139,133,193,191,80,159,70,106,101,43,112,66,121,103,22,99,33,187,170,6,38,122,76,127,148,61,146,2,25,119,130,163,192,97,85,73,166
64,84,31,168,25,37,27,140,141,191,92,32,47,186,196,88,108,169,150,87,177,45,174,9,183,99,170,136,12,119,70,192,173,151,73,51,111,178,123,130,159,133,113,19,139,2,153,160,44,175,95,34,155,76,41,24,104,181,195,81,91,90,135,127,35,117,17,11,109,97,145,30,105,198,101,143,115,61,106,75,85,0,80,96,4,124,187,46,189,158,194,33,3,147,59,148,83,188,48,13
105,26,87,49,81,143,107,64,129,8,29,162,32,159,62,57,24,25,83,156,116,48,119,91,114,5,191,188,85,121,23,98,54,90,134,154,60,112,43,181,58,178,102,194,148,3,117,99,192,11,126,0,189,80,160,184,186,50,47,198,38,88,187,75,100,123,147,193,196,45,97,73,52,137,2,161,170,65,39,71,70,144,111,133,18,33,12,157,141,106,151,56,142,195,42,86,135,1,113,130
138,40,66,120,185,173,56,165,65,131,180,158,54,121,14,6,50,153,61,128,161,30,35,166,136,7,172,41,92,42,162,86,78,21,155,22,79,127,114,58,10,146,57,91,150,147,176,28,118,34,23,168,102,141,164,95,13,189,46,167,90,29,133,142,154,193,191,159,132,5,39,72,194,177,59,196,122,69,170,74,125,2,124,15,68,76,67,24,75,110,197,119,20,163,12,73,16,109,198,26
162,58,29,122,65,42,170,114,85,2,76,67,191,159,22,46,66,167,150,176,141,34,20,28,12,121,125,26,196,69,136,100,54,31,75,74,190,41,92,179,111,124,160,87,72,57,120,79,128,14,30,127,35,131,83,104,186,117,173,185,168,81,73,10,64,133,70,155,147,161,137,59,169,82,71,123,163,56,165,158,86,178,192,142,132,148,180,177,197,105,7,193,16,109,188,88,145,156,138,90
182,19,160,43,148,60,140,186,56,41,95,80,191,72,101,179,99,15,24,178,170,195,74,75,100,130,163,16,136,96,4,162,104,159,21,154,79,142,177,32,9,103,33,44,127,114,143,122,47,77,87,67,128,68,71,30,192,147,119,97,73,20,27,102,108,168,81,46,175,26,90,94,165,31,180,39,158,134,133,188,123,156,55,155,126,3,1,18,196,22,45,76,89,125,84,171,58,10,91,38
24,138,16,72,177,127,61,134,74,130,68,15,120,198,170,163,172,147,119,44,136,65,90,22,40,6,180,80,128,38,166,35,192,194,114,73,33,91,60,13,185,30,2,41,75,11,0,46,165,102,79,56,19,159,113,103,54,133,1,158,171,144,84,188,104,191,154,34,193,21,118,123,148,196,178,7,45,20,145,197,167,96,132,4,149,92,108,139,27,179,181,50,26,8,94,39,169,116,106,59
50,3,116,1,29,142,55,180,10,137,148,105,33,80,91,87,65,39,162,190,174,132,193,164,121,53,54,107,126,111,114,58,25,197,2,159,11,138,194,112,155,154,43,60,90,38,160,156,69,42,196,26,40,102,161,171,165,61,167,166,122,192,86,21,83,15,17,131,118,99,66,106,24,70,141,49,195,119,64,12,170,97,129,113,59,45,163,120,5,177,147,153,100,186,71,92,46,75,169,178
55,162,29,122,42,114,76,65,159,85,67,83,191,66,46,74,150,176,121,20,125,26,34,69,170,167,2,100,41,178,31,111,185,22,14,30,141,117,169,131,179,87,109,160,73,81,186,12,28,10,104,71,137,196,173,64,75,123,168,136,161,54,127,129,115,155,158,147,79,128,190,72,58,35,92,198,86,124,105,142,88,120,188,8,156,157,193,180,90,82,98,102,143,53,19,163,195,56,184,7
72,79,127,21,92,6,31,125,150,174,34,51,120,7,37,196,124,190,147,104,168,46,136,167,158,22,197,180,74,128,2,163,68,177,12,109,141,145,170,131,183,132,70,123,100,82,133,90,121,19,65,159,55,25,57,20,171,76,4,187,33,169,173,179,155,15,35,40,30,103,28,161,44,140,61,16,73,111,108,186,185,166,69,181,112,191,193,142,84,165,54,52,41,75,162,95,148,172,96,66
80,148,24,130,43,97,195,171,178,119,1,56,38,11,57,45,3,156,33,9,99,194,91,87,193,143,90,134,89,114,116,75,10,113,100,177,19,192,126,0,198,68,15,163,27,129,84,71,50,170,30,39,160,169,74,154,102,61,159,44,147,67,2,101,165,180,172,94,142,72,179,138,58,106,188,25,155,16,13,186,197,53,104,65,144,175,137,187,26,21,174,108,29,122,40,191,36,48,145,189
177,40,57,91,172,138,119,44,166,80,24,127,198,194,90,35,13,68,108,120,113,50,171,0,116,130,38,145,147,180,192,45,155,33,54,136,163,6,197,134,21,139,94,153,183,16,75,158,1,169,74,84,11,48,174,103,79,109,159,72,19,165,92,30,148,61,34,133,144,39,181,65,118,25,22,7,128,73,126,185,123,60,15,131,196,140,52,88,170,189,2,41,195,106,37,31,46,102,96,3
23,49,118,107,48,5,45,117,88,39,144,69,138,18,126,81,156,93,53,188,16,191,71,164,134,170,24,91,152,180,159,141,194,105,57,198,0,186,142,86,189,15,73,149,114,64,17,8,121,52,147,129,65,196,85,101,157,162,26,102,154,181,19,70,32,54,150,168,184,132,14,25,12,27,116,31,62,76,119,37,40,36,108,10,166,140,75,123,21,59,104,90,2,161,61,84,55,22,112,178
94,195,110,91,148,116,33,155,43,108,21,139,50,153,9,48,187,1,38,16,177,145,171,99,169,74,130,25,197,192,8,134,73,97,126,163,22,36,143,62,166,81,44,113,45,106,107,84,174,180,24,11,27,158,167,80,3,172,61,103,181,4,87,109,39,79,19,72,83,178,90,89,119,179,138,115,188,15,51,52,40,135,2,182,18,127,57,41,46,30,58,49,95,32,47,71,164,56,198,13
52,12,88,141,191,186,47,169,177,87,31,105,84,99,83,168,136,85,37,140,170,25,119,27,192,173,151,29,162,178,73,117,130,159,190,133,113,19,123,139,44,160,0,34,53,92,32,194,100,41,24,2,195,181,196,55,175,81,45,90,127,59,11,109,17,108,145,30,161,97,198,101,153,35,42,66,143,150,95,9,80,96,4,106,165,174,75,187,46,155,124,125,189,67,3,137,18,33,147,188
55,170,191,159,34,162,26,28,112,120,185,57,196,41,46,167,136,59,180,92,31,2,179,147,1,22,124,90,150,20,29,154,3,104,70,54,168,76,114,132,165,72,113,133,86,79,67,11,85,142,15,97,40,66,127,6,128,146,169,74,141,35,30,73,166,105,39,12,198,121,194,155,24,69,172,95,58,96,4,106,158,80,122,60,197,42,160,75,163,123,161,78,119,177,171,190,62,129,174,87
42,14,28,131,104,54,55,69,176,34,122,67,173,29,59,162,85,185,86,179,95,46,31,41,191,136,150,37,121,66,20,76,125,114,124,155,30,166,133,128,78,141,22,79,4,92,120,169,74,168,109,196,35,190,50,170,153,10,137,158,161,73,65,12,138,111,159,164,72,96,167,165,77,127,21,146,193,184,102,174,123,40,115,60,118,140,151,87,75,180,110,183,178,154,100,2,70,7,142,82
179,122,125,10,100,55,20,59,162,67,176,165,41,85,114,104,137,191,22,97,66,28,29,131,19,175,71,30,95,4,190,34,42,12,74,169,195,72,1,79,193,161,147,150,163,170,173,124,56,102,128,136,61,115,155,43,141,156,185,167,3,99,31,46,117,2,148,171,158,130,14,51,50,76,65,15,68,21,146,174,9,121,196,69,35,105,77,120,89,90,186,133,54,159,154,168,192,82,60,11
6,57,125,102,147,103,38,120,19,119,123,4,185,0,172,100,171,193,72,163,13,177,44,90,127,62,80,146,166,73,15,24,159,128,175,187,46,165,74,114,186,7,136,161,198,181,130,60,30,113,79,37,12,139,154,144,134,16,61,43,194,35,20,22,138,11,18,33,133,21,91,191,93,192,176,122,143,34,41,169,104,56,109,40,188,145,179,1,140,26,81,97,170,66,89,87,8,116,180,39
46,17,67,117,118,104,55,71,166,23,76,18,29,162,142,59,85,20,31,164,111,88,63,196,150,170,131,73,82,66,87,122,39,125,123,191,114,197,157,10,2,168,159,155,92,132,0,107,42,74,86,49,180,14,141,176,34,153,5,70,147,81,112,60,188,121,37,26,185,181,124,21,144,173,8,58,68,25,54,19,102,194,137,136,22,135,4,126,167,160,41,169,184,152,28,158,12,50,179,189
196,170,92,141,25,168,136,31,191,112,73,66,104,8,81,143,37,87,21,78,76,133,84,52,108,163,154,27,49,111,127,150,12,192,140,117,173,181,39,33,34,148,60,32,16,55,75,95,96,46,124,188,99,106,71,41,57,167,158,123,195,2,183,129,85,14,177,22,174,11,103,43,28,128,70,35,30,197,144,162,47,18,83,182,186,157,4,145,115,135,116,65,110,139,1,94,179,40,91,59
117,156,157,39,19,88,73,137,196,70,170,126,195,100,43,102,148,83,18,21,99,163,118,191,30,132,68,87,93,81,12,192,89,82,59,144,186,8,61,154,123,55,71,162,33,56,25,63,194,101,127,49,0,14,46,136,95,128,79,94,20,141,130,107,179,188,152,75,164,76,10,143,66,180,23,17,175,65,181,125,29,122,159,133,11,34,2,85,168,167,35,182,165,57,131,92,41,178,142,103
74,79,57,22,16,60,15,125,179,2,163,46,167,127,6,128,177,130,120,180,104,193,34,69,33,7,170,20,197,145,103,41,147,4,174,56,19,136,44,1,66,90,158,171,169,109,38,150,28,55,166,192,35,21,155,114,73,176,24,148,122,138,51,124,185,100,30,68,172,75,31,132,165,84,92,102,12,159,162,133,62,80,94,134,198,188,115,106,101,146,191,160,82,3,43,123,89,187,59,190
81,46,8,123,87,117,181,127,188,191,196,25,170,16,30,163,37,108,57,83,44,186,103,177,136,72,21,128,71,43,35,33,74,76,69,143,130,150,185,192,198,2,167,12,92,41,139,65,102,4,111,94,39,79,31,19,73,159,52,88,133,141,66,168,157,38,24,166,162,22,156,34,154,99,158,195,29,89,151,91,59,148,18,70,7,104,135,15,20,47,109,55,13,75,178,140,176,125,138,120
73,169,130,22,46,57,109,104,20,2,16,147,176,15,177,44,158,178,172,41,198,155,179,145,166,150,30,163,79,120,24,170,125,34,139,197,127,114,90,59,134,115,185,171,192,74,19,159,31,160,4,167,55,136,193,69,191,56,33,138,128,188,60,122,103,123,162,35,195,28,124,119,66,84,68,7,180,75,83,131,13,1,27,108,113,133,38,42,6,153,62,50,87,67,92,174,161,101,168,184
178,35,170,136,2,101,157,87,133,148,30,128,34,192,57,143,130,198,196,127,177,183,191,124,84,188,16,55,163,43,61,89,111,27,33,56,28,24,99,96,88,120,7,42,160,186,75,109,80,100,13,81,73,108,79,123,187,62,21,114,76,44,129,36,104,74,154,71,134,94,22,66,20,59,181,159,8,19,29,117,162,12,194,25,197,92,95,83,195,141,11,106,119,46,172,6,41,169,145,47
111,150,104,191,59,55,162,196,29,168,46,158,31,92,81,87,37,122,74,123,66,70,30,170,151,159,141,71,41,67,185,4,14,42,25,20,186,86,114,143,188,121,76,2,85,8,9,52,22,26,178,128,34,112,173,60,35,117,181,167,43,136,32,155,176,95,28,27,75,127,160,179,78,142,140,125,166,108,163,68,21,100,97,39,147,129,72,84,56,77,19,83,69,124,133,54,180,57,7,192
95,41,191,168,140,150,4,31,47,92,179,56,173,158,37,154,186,146,19,128,21,96,20,67,34,182,167,78,28,136,104,77,68,7,60,190,196,170,30,160,162,127,153,66,97,155,174,22,3,52,15,99,101,133,159,122,75,169,46,124,165,35,54,55,86,73,40,147,79,185,175,14,163,12,142,27,59,183,65,71,141,84,32,106,9,33,51,74,69,192,197,25,176,6,195,120,172,123,125,57
28,92,133,124,96,41,168,184,136,173,22,158,71,196,34,31,14,95,67,167,54,128,66,104,150,191,16,112,106,170,35,37,179,86,183,77,7,79,30,84,127,36,141,174,78,120,153,55,146,110,60,140,20,151,73,85,6,76,185,46,4,57,165,81,27,177,40,149,181,26,169,162,75,52,42,154,8,192,5,109,21,188,155,115,121,176,32,187,82,123,51,99,18,59,74,178,2,68,197,25
120,34,7,73,127,6,128,136,109,60,179,124,167,46,177,19,133,180,22,171,75,82,28,183,35,21,125,185,145,103,30,184,2,163,161,57,147,31,96,95,4,165,174,92,44,159,66,90,131,1,80,169,16,150,99,55,89,74,69,15,187,123,33,148,190,13,20,170,197,68,41,172,76,132,67,168,56,12,62,153,54,186,162,130,181,94,158,26,115,173,42,166,121,104,101,191,146,192,154,59
148,61,177,194,1,171,119,43,116,11,113,33,62,38,24,57,0,195,165,90,192,19,97,69,3,56,99,9,44,136,169,178,172,174,87,91,130,163,159,80,6,126,127,145,143,100,76,94,147,120,106,40,102,186,84,45,13,58,26,197,4,66,183,180,144,73,179,134,39,154,193,133,138,142,21,36,103,187,156,15,198,129,89,170,114,10,128,2,139,35,160,34,65,155,32,16,27,7,190,18
74,8,87,143,181,188,117,16,186,123,191,77,46,196,85,37,170,71,43,111,18,22,49,156,94,159,53,167,192,76,178,72,127,30,86,163,59,129,103,63,55,12,136,162,139,65,29,83,148,141,32,52,25,48,128,34,21,151,133,35,19,69,150,88,184,57,20,47,108,36,92,41,198,107,114,187,185,4,102,100,39,44,31,56,122,75,104,70,66,2,168,134,130,177,27,175,157,26,140,154
132,80,124,34,7,93,184,136,133,161,128,157,28,72,70,18,120,60,194,55,175,96,123,125,137,122,73,127,19,163,190,101,36,117,88,6,144,20,66,12,162,109,131,26,176,170,89,121,173,152,106,59,76,100,165,167,149,14,92,46,147,0,4,31,42,68,159,103,164,2,85,174,179,177,67,22,169,30,75,35,141,90,154,145,192,148,185,196,102,99,29,5,33,180,183,104,186,17,197,54
13,59,109,74,198,8,44,25,117,87,139,65,30,163,129,178,195,72,188,192,157,123,33,191,2,42,55,35,75,162,130,196,29,177,88,170,141,164,131,127,181,108,46,137,82,91,12,89,111,151,24,187,99,125,143,53,105,76,135,21,148,176,85,94,100,169,50,128,102,134,40,119,150,57,110,136,172,71,156,43,47,145,14,38,161,52,186,77,114,138,185,34,122,98,16,194,155,68,153,62
27,52,192,130,174,9,177,37,196,104,170,16,45,140,169,108,141,11,178,65,92,106,33,76,2,57,148,136,25,197,138,183,24,47,195,71,75,1,51,133,191,87,113,145,163,73,143,81,61,44,139,155,158,194,31,35,62,41,34,99,168,127,12,119,175,91,43,198,28,36,74,128,40,22,94,38,97,20,101,21,160,79,124,30,4,179,95,19,96,150,116,14,153,32,115,111,0,3,60,77
125,55,29,162,59,105,141,34,181,31,46,18,67,98,12,68,122,114,82,104,188,65,191,123,22,173,131,66,70,8,170,168,136,176,159,115,124,184,167,151,42,190,169,4,92,2,37,111,77,150,121,161,100,120,26,147,196,74,20,28,186,185,133,71,41,84,165,75,179,117,109,80,87,86,103,145,187,127,52,53,143,137,16,88,193,69,90,144,19,102,112,60,83,72,30,49,32,0,63,175
166,67,185,40,159,22,66,142,77,114,46,82,167,54,26,120,116,29,162,104,42,180,155,55,49,150,70,121,20,37,122,79,59,10,179,147,86,31,41,57,23,132,111,184,127,181,118,63,90,50,75,28,191,8,134,158,5,39,62,16,21,69,60,112,48,188,176,15,18,138,143,74,34,87,58,91,73,80,14,95,4,6,92,30,172,0,103,168,1,136,129,102,128,164,113,107,78,105,169,81
43,143,82,25,74,148,178,192,111,29,8,160,170,196,33,181,191,99,123,177,130,76,188,195,46,77,2,65,84,47,52,186,106,61,38,169,42,81,117,32,129,135,71,119,163,30,24,159,53,151,55,44,136,91,88,72,0,198,27,162,89,108,59,157,35,11,85,9,127,197,70,58,18,75,116,37,156,1,155,194,3,21,154,113,133,104,56,101,168,100,19,102,107,92,153,20,26,90,4,66
117,65,157,18,52,194,72,186,108,19,191,0,17,63,141,25,12,88,70,74,93,76,170,119,123,144,107,84,162,181,159,44,177,192,101,168,136,198,35,47,118,139,31,156,45,127,24,196,99,32,140,82,188,83,178,90,30,111,37,100,59,147,151,160,23,55,8,169,130,26,62,29,48,189,126,36,109,173,133,2,86,92,41,46,172,94,184,20,49,129,34,148,14,27,150,33,164,163,195,135
30,128,130,187,163,99,101,7,178,33,153,35,177,36,137,61,24,195,76,2,136,11,127,43,135,46,103,13,148,44,80,25,88,109,197,192,188,119,74,8,38,72,157,90,175,189,143,19,34,91,170,123,84,21,161,191,57,133,154,100,181,155,6,185,171,117,81,73,95,169,75,131,145,183,69,94,198,120,16,186,108,93,27,193,83,125,29,139,122,196,65,134,56,47,68,60,167,0,3,41
147,119,24,171,3,155,172,91,113,159,15,177,169,26,120,193,145,194,57,0,81,197,50,2,1,97,161,44,62,38,75,66,69,166,130,134,109,121,13,185,33,41,46,25,114,61,125,31,160,73,80,19,11,45,153,174,22,127,108,6,150,144,192,34,162,105,20,29,154,181,198,99,43,104,115,189,168,148,136,165,126,195,90,184,187,143,106,4,180,60,139,158,191,65,142,123,163,179,103,40
24,119,155,62,45,25,91,50,126,108,38,48,3,33,153,116,166,40,177,57,130,195,192,11,138,99,147,194,189,148,61,39,81,44,163,49,113,197,97,134,1,171,154,43,88,0,172,143,21,64,198,15,107,74,13,8,135,69,58,106,47,158,180,164,90,84,102,30,52,27,178,145,193,85,54,127,41,196,169,75,53,94,105,118,159,19,191,23,2,142,35,63,185,32,139,144,65,66,157,150
168,31,196,136,141,71,173,170,34,37,41,79,133,52,66,174,60,191,104,158,127,150,124,140,77,165,7,96,46,4,12,85,183,159,80,177,169,112,106,123,55,74,28,51,120,25,151,2,95,86,27,172,65,57,167,181,111,179,54,186,19,73,113,14,67,26,6,22,78,75,162,146,44,190,21,153,32,62,180,70,20,192,128,88,121,35,197,76,147,16,59,82,109,145,115,175,163,30,1,108
144,157,156,83,117,161,118,132,194,0,72,89,23,13,39,69,63,101,154,7,102,18,128,120,19,186,11,12,136,175,6,164,185,152,126,100,36,90,147,149,163,30,146,121,20,34,159,133,141,45,165,127,57,14,49,171,103,189,119,137,131,81,80,76,74,107,38,114,37,15,35,123,65,187,125,70,122,191,61,170,183,91,66,124,24,178,26,99,138,48,173,27,82,54,109,184,192,198,172,95
16,163,148,33,64,108,195,177,192,8,21,35,22,139,36,11,43,74,82,145,62,116,81,44,99,130,188,19,1,181,167,127,57,38,187,103,183,143,128,76,134,80,48,73,30,9,92,171,84,61,90,24,85,106,72,88,75,157,56,198,18,7,25,136,172,196,197,89,170,119,69,2,179,138,71,15,117,186,180,12,27,178,158,47,156,149,175,169,34,102,3,109,97,194,123,155,40,60,191,13
191,99,41,136,179,19,78,154,128,31,30,133,168,56,183,80,14,67,173,101,21,196,150,140,170,35,28,34,68,195,96,4,93,182,37,97,186,79,9,52,66,146,142,162,104,71,39,153,155,127,158,43,20,124,74,148,77,25,76,90,178,7,72,175,165,46,163,12,185,27,65,57,167,36,54,40,184,1,108,73,159,85,189,141,177,22,6,75,103,169,81,44,42,69,174,55,180,60,192,47
133,136,124,28,34,127,140,170,93,184,79,80,177,191,128,196,123,35,120,151,76,4,7,96,175,31,37,30,12,41,57,168,56,183,19,141,26,6,173,66,169,44,154,71,106,192,47,83,99,74,16,178,109,46,165,182,163,13,65,186,179,73,159,181,85,113,14,52,22,78,67,75,160,103,81,101,104,146,69,55,62,174,21,194,60,32,112,20,190,33,130,18,187,100,88,2,148,90,157,147
3,113,1,61,24,99,195,171,91,81,119,11,41,179,148,155,147,191,68,92,66,169,154,43,38,19,126,45,165,9,96,4,33,15,194,105,106,192,193,130,47,56,177,159,174,146,69,65,20,27,0,52,172,57,163,142,85,161,6,178,143,185,77,114,30,10,64,151,122,88,25,197,104,48,2,101,170,116,134,50,189,160,158,145,39,90,75,22,26,198,162,29,102,40,108,78,128,153,44,35
86,181,188,131,8,184,2,125,53,55,59,123,162,29,105,22,26,115,84,151,167,124,176,32,109,46,145,97,190,68,160,187,137,150,65,161,100,120,91,147,141,34,159,30,134,28,133,117,31,42,18,169,80,75,130,127,12,114,177,44,50,82,122,111,121,89,139,16,35,5,90,191,74,193,66,173,70,185,72,186,20,170,83,168,112,60,136,7,172,155,67,175,13,171,198,103,73,25,47,93
195,148,154,43,96,3,33,25,47,1,98,88,90,178,136,191,192,19,11,101,24,92,106,61,81,65,163,153,119,177,56,52,36,157,108,38,196,126,183,41,169,72,187,30,170,143,80,137,130,21,133,76,179,95,155,128,74,146,35,34,91,39,8,160,113,44,27,9,171,173,85,71,174,186,168,97,4,84,182,31,105,89,68,109,2,127,194,32,189,124,64,117,66,116,197,135,42,162,7,140
125,12,122,68,69,19,102,186,175,55,114,10,43,163,72,162,61,18,136,148,56,59,165,4,141,117,30,156,81,131,147,76,73,143,177,170,130,187,193,103,65,191,44,123,127,60,137,86,161,20,121,173,29,144,133,33,190,88,90,194,178,159,192,128,119,176,6,38,75,41,169,0,57,34,42,84,195,179,82,7,89,140,80,14,196,51,37,94,124,101,139,104,21,77,154,16,9,74,26,22
178,19,76,128,90,100,191,136,36,56,192,188,96,170,30,163,35,154,186,7,130,24,157,187,45,2,133,137,161,89,181,94,20,75,41,57,34,160,27,184,88,8,73,134,109,43,198,80,177,61,175,83,72,13,14,103,33,15,44,153,11,127,65,183,148,117,16,25,21,195,119,149,152,85,48,122,47,123,52,124,143,168,101,74,104,146,69,159,150,147,102,97,6,108,4,31,196,120,190,173
69,0,193,114,125,38,101,57,144,132,165,39,19,154,126,43,194,18,122,72,163,146,74,11,192,138,12,117,4,116,81,73,14,103,3,50,156,24,15,157,1,148,10,33,92,195,143,137,6,61,94,88,68,118,166,161,147,119,176,56,20,185,82,54,66,84,91,41,136,8,172,46,162,29,134,42,121,159,113,48,104,21,191,123,49,102,100,179,44,177,127,55,62,67,59,45,171,196,70,53
69,127,163,139,128,19,4,177,44,181,16,7,123,74,145,125,18,143,73,80,57,175,46,130,136,8,22,188,115,144,75,90,187,43,37,30,122,33,179,167,82,0,101,41,172,6,147,119,103,56,186,95,62,133,109,166,34,91,120,158,35,171,81,169,134,38,60,21,104,102,191,195,192,13,185,24,176,71,15,148,140,86,20,170,88,161,184,11,31,159,97,96,165,36,174,108,93,12,168,113
31,75,27,196,37,170,77,114,168,4,67,85,46,93,41,169,111,158,179,73,150,140,51,20,34,174,70,166,122,125,66,173,2,68,191,71,136,155,86,147,112,60,22,57,124,197,141,176,130,15,28,193,16,55,108,188,115,121,185,91,143,29,74,162,59,56,133,19,159,76,43,123,96,163,3,52,18,42,88,87,24,160,180,79,178,69,25,195,192,1,106,80,177,113,14,30,120,104,151,44
53,86,3,65,58,66,91,50,29,162,159,1,49,107,161,98,2,119,114,137,84,100,24,191,92,193,121,47,48,55,147,88,169,25,59,26,160,8,113,52,154,111,112,63,11,31,68,99,129,164,82,189,143,194,32,155,192,188,17,146,195,190,150,171,116,42,145,196,106,22,23,198,45,170,120,103,134,156,115,173,185,89,126,181,168,71,141,34,167,67,0,38,46,117,165,41,184,12,132,87
192,148,33,1,177,195,41,169,11,3,113,100,85,88,174,197,93,136,163,43,196,130,133,170,143,124,145,2,27,158,28,81,34,25,47,24,194,38,155,44,153,135,92,91,66,168,178,119,98,165,57,172,175,75,71,108,97,4,123,151,191,73,105,176,179,79,76,127,22,74,95,146,35,20,65,116,50,160,52,190,7,61,16,115,171,62,83,112,182,154,46,8,0,30,29,31,157,21,36,173
63,48,49,5,23,126,45,117,194,118,116,53,164,92,39,89,106,17,0,18,88,58,70,25,156,82,72,144,192,189,50,8,157,36,11,138,65,196,32,52,129,119,71,38,134,64,24,143,74,112,188,40,94,181,108,47,132,103,84,62,87,198,27,152,61,85,33,141,170,95,155,148,3,154,100,16,43,81,135,1,195,111,91,66,187,178,29,191,2,113,21,54,142,177,130,159,137,86,153,57
25,92,33,24,155,74,95,27,119,158,163,140,52,85,196,44,177,62,111,89,130,192,148,48,100,47,197,195,35,91,139,150,45,8,71,43,38,9,88,157,16,153,105,168,143,182,37,57,76,41,172,75,30,147,31,191,21,84,19,11,15,138,3,198,51,127,107,32,64,134,117,135,141,65,50,154,181,82,174,56,40,188,173,170,186,60,178,126,77,93,46,136,169,90,96,183,123,166,73,14
13,169,75,44,34,80,120,139,145,178,30,115,177,127,35,7,42,84,172,185,187,46,131,198,2,124,151,136,130,91,147,128,171,153,22,161,6,159,73,164,123,28,150,184,133,125,31,90,59,20,76,155,60,181,197,192,74,176,119,62,163,174,67,113,104,19,129,183,166,111,40,158,69,102,179,191,167,146,57,190,65,41,137,37,100,24,88,188,195,160,97,4,121,16,52,93,86,105,168,33
64,14,163,161,128,173,187,7,25,84,131,158,167,75,60,71,54,80,104,79,67,110,196,22,8,109,30,6,21,74,146,36,121,150,50,77,90,59,125,122,82,137,16,95,132,153,86,18,33,42,93,46,96,181,100,4,184,31,103,134,154,73,195,83,141,176,178,168,138,136,127,162,157,164,188,105,139,35,102,72,101,111,38,23,55,34,120,177,174,106,44,88,68,148,58,197,13,185,12,37
77,88,105,150,196,29,25,31,46,109,2,82,143,76,42,55,59,74,70,160,162,159,8,52,168,71,43,112,93,178,86,114,37,122,192,188,32,155,84,151,191,121,123,169,75,35,110,158,148,26,198,58,66,197,186,20,170,185,141,34,181,60,89,67,183,166,117,163,17,9,174,157,106,27,131,87,85,142,129,51,125,164,30,137,176,21,3,100,33,47,92,195,22,147,130,120,145,107,177,173
66,196,26,31,71,105,168,93,124,159,154,112,150,39,28,25,170,3,142,147,121,46,77,180,191,133,1,79,74,146,49,141,91,166,58,151,34,70,162,106,60,120,132,173,107,53,185,55,41,57,136,37,97,184,114,88,92,158,59,123,50,113,87,109,2,15,174,86,179,11,52,118,164,20,67,51,108,169,75,27,117,156,140,8,197,29,82,103,198,135,100,54,155,182,165,72,24,96,172,167
169,91,119,98,177,44,1,171,81,172,3,4,0,194,24,62,174,107,57,11,38,147,41,165,151,192,130,159,92,195,66,61,136,145,6,69,34,65,120,50,115,52,85,13,75,100,31,93,166,155,27,33,148,133,45,19,168,179,178,110,88,198,197,26,127,144,134,191,146,105,154,193,43,15,139,114,140,51,20,170,143,40,106,153,124,2,158,185,116,46,37,160,175,97,103,73,18,80,190,181
122,193,10,125,121,59,105,55,162,29,147,103,159,57,176,42,185,75,15,166,86,68,161,101,66,91,26,61,138,69,0,24,120,67,46,73,165,20,50,87,77,143,76,2,178,112,22,70,144,34,134,56,170,131,54,3,106,180,41,172,43,194,171,18,198,81,169,132,4,58,130,179,88,114,156,160,82,137,142,188,119,1,53,16,163,118,123,191,74,98,45,129,164,173,141,30,19,150,113,84
169,145,139,34,110,75,22,51,104,20,86,179,41,172,44,31,143,4,174,105,114,177,124,136,181,91,147,120,190,134,28,195,127,80,13,73,19,159,151,130,68,184,59,191,2,133,192,178,187,37,188,175,125,46,171,16,93,8,168,183,144,66,52,129,1,140,185,65,85,107,170,35,27,150,69,146,198,3,7,71,155,67,18,99,123,115,102,167,197,57,0,112,176,119,122,62,82,30,97,165
81,38,148,92,11,48,1,33,58,62,61,192,43,126,143,108,95,194,64,40,3,177,103,50,45,24,88,195,57,134,163,87,39,119,138,21,36,49,187,53,69,107,114,155,32,16,100,9,85,171,197,25,178,174,82,91,0,8,130,5,180,154,71,73,193,166,98,142,6,22,196,129,109,145,146,10,101,106,76,149,56,27,18,23,181,136,54,44,169,153,172,63,165,66,167,182,132,144,60,19
72,156,89,74,157,82,191,196,70,63,84,170,30,18,141,94,12,192,88,118,186,137,123,108,65,17,101,59,39,163,144,8,55,162,103,71,19,194,132,49,25,20,127,0,14,46,136,77,130,143,76,37,47,109,175,90,164,188,21,16,83,23,52,68,66,2,86,34,102,195,35,178,154,112,181,128,100,126,29,43,159,148,131,33,133,11,48,150,168,57,27,93,41,198,44,31,75,53,115,139
63,39,144,70,23,138,157,118,180,57,49,0,94,72,108,45,126,198,5,170,194,164,14,132,89,156,152,103,62,166,159,74,66,54,92,40,142,24,196,18,191,20,115,127,87,27,67,93,46,189,50,31,134,19,48,113,38,141,13,185,130,59,154,168,71,123,136,162,26,188,21,58,16,76,120,25,149,61,121,30,75,88,77,69,10,105,129,17,82,102,150,37,15,55,192,84,147,178,119,73
24,91,92,177,147,194,38,81,114,44,171,62,172,0,57,130,33,155,3,25,69,45,61,134,98,189,109,169,13,192,19,159,11,148,15,198,197,100,145,127,65,154,139,195,43,26,88,1,52,40,120,181,144,193,50,161,163,136,143,75,153,187,178,126,41,89,191,2,123,90,30,138,166,47,18,32,48,6,104,110,27,107,160,74,117,140,135,85,35,66,158,106,170,129,8,186,56,101,168,174
6,80,34,185,147,159,110,57,127,136,7,124,161,13,66,91,28,69,128,22,35,2,73,133,172,75,46,171,54,121,177,26,60,145,30,131,62,150,146,180,166,20,15,198,31,125,120,97,169,123,184,165,167,93,55,115,132,16,76,40,1,114,163,44,170,81,154,116,194,83,67,138,179,86,74,183,87,24,192,176,191,19,197,21,104,130,187,94,0,4,41,37,168,105,178,193,186,174,149,173
173,159,161,162,115,26,31,147,131,121,55,59,10,91,168,54,141,67,42,150,34,14,142,185,105,125,29,122,66,77,86,113,60,136,184,154,101,6,112,165,58,80,164,93,23,87,124,50,15,106,120,140,110,13,166,186,193,37,189,196,70,137,53,144,103,138,94,19,83,65,68,191,57,133,76,3,41,172,0,194,32,24,155,178,158,180,46,171,52,81,92,190,96,169,132,75,25,30,114,176
125,115,55,68,29,162,59,176,42,101,67,20,179,10,86,77,105,193,161,22,163,128,103,43,4,75,41,46,73,104,185,143,122,191,137,147,70,112,66,150,69,19,159,56,34,155,83,30,190,131,167,169,18,28,12,165,7,88,158,148,87,186,132,80,175,14,82,15,102,2,76,173,26,166,9,123,170,90,98,136,74,91,178,54,124,141,192,121,31,61,60,72,0,96,57,35,3,33,84,81
74,181,46,127,191,188,133,30,69,151,170,136,88,176,8,186,82,104,37,177,175,44,135,77,124,125,159,19,147,35,128,196,163,2,86,150,168,34,12,93,57,26,97,4,7,110,31,121,118,18,75,13,130,185,198,139,141,80,84,65,25,21,52,120,16,143,89,76,187,22,178,101,60,70,105,20,72,91,66,167,28,55,0,192,90,172,107,59,83,112,41,6,29,71,43,162,184,145,169,158
133,28,34,136,97,121,184,80,170,93,26,83,31,66,169,151,79,7,110,147,191,60,124,127,20,76,196,22,190,2,105,113,168,12,55,4,159,128,86,46,67,6,173,35,107,30,75,41,179,73,175,141,177,145,116,37,174,185,131,183,71,154,146,125,68,178,150,165,19,96,192,197,161,176,91,122,163,162,57,167,1,42,186,59,140,114,100,51,13,101,65,85,102,44,21,52,16,74,70,88
123,101,193,176,69,73,115,86,68,161,147,103,60,131,46,4,75,12,80,104,55,105,29,22,124,163,162,59,91,19,34,121,6,67,42,18,190,169,165,7,20,179,171,177,110,185,187,145,44,127,51,15,10,122,137,2,166,173,70,74,141,150,159,136,128,125,43,31,181,172,83,155,0,30,57,167,41,33,84,158,186,116,197,130,120,175,37,50,77,143,38,99,65,139,191,188,16,174,21,26
92,152,39,0,194,45,48,103,72,108,195,43,3,100,24,148,81,61,19,117,164,23,50,49,98,119,11,120,1,38,63,192,156,91,144,157,10,154,155,189,33,132,58,25,21,62,142,171,94,109,118,89,180,138,137,56,64,5,193,57,166,18,70,143,53,96,165,153,163,182,102,114,9,177,40,147,15,130,88,69,106,95,134,27,122,54,90,115,172,41,84,196,65,159,47,68,107,13,17,191
177,136,80,57,44,128,34,133,7,121,35,74,16,124,60,21,104,30,37,73,163,170,62,6,46,97,19,130,93,110,181,22,40,13,145,75,69,191,192,33,196,76,167,2,125,41,172,31,147,120,139,141,159,4,186,8,12,168,198,183,66,90,91,188,158,185,81,24,169,150,28,55,178,187,71,126,194,14,148,18,140,82,190,138,25,20,179,184,88,84,197,0,101,95,180,118,153,175,131,65
35,7,30,163,80,128,90,136,22,6,121,73,28,104,102,191,34,21,133,57,167,96,36,16,185,76,177,170,74,33,110,19,14,69,150,130,179,124,192,41,187,183,46,178,123,97,20,75,13,60,161,54,2,125,44,55,66,40,175,196,158,12,83,186,154,100,11,67,148,198,146,79,77,37,95,176,126,188,132,4,56,94,145,93,68,82,101,153,181,62,9,162,59,8,180,147,81,42,149,85
198,139,13,178,143,84,88,134,159,61,82,76,53,24,188,191,110,170,59,66,120,144,81,8,71,26,181,44,49,156,40,164,57,142,46,172,116,186,30,148,77,112,151,115,195,25,92,124,74,23,147,135,187,32,196,106,194,48,145,89,192,90,189,91,39,2,154,117,118,42,43,160,55,114,169,108,35,38,75,62,162,63,130,29,45,177,146,65,166,69,11,98,163,52,0,185,136,119,104,128
177,24,75,192,44,178,57,61,30,33,16,90,85,120,2,169,198,27,73,128,145,38,88,163,188,155,139,35,92,195,148,25,197,143,91,170,76,134,110,171,43,74,109,19,153,114,62,50,129,45,104,81,0,158,172,22,41,46,107,160,9,56,194,100,124,105,69,102,191,136,65,193,138,181,187,8,84,52,20,13,135,95,101,175,147,11,174,15,176,40,1,179,80,133,47,166,118,121,4,116
30,67,161,126,122,110,34,121,173,50,54,137,86,10,80,68,185,166,176,150,59,155,55,42,162,153,101,75,147,141,70,7,84,60,136,125,164,99,31,128,46,115,145,14,2,138,35,123,90,13,124,158,21,105,190,169,29,131,62,91,22,177,180,44,129,197,159,20,112,118,83,28,168,133,184,65,111,163,6,73,178,93,12,77,187,92,37,76,72,23,171,18,94,69,191,74,193,58,66,25
83,103,1,66,194,94,72,121,165,163,11,161,57,164,0,73,80,60,118,159,154,39,144,119,128,6,156,180,3,58,146,70,157,129,20,21,190,15,55,192,34,127,147,115,123,7,137,185,46,167,87,50,38,113,91,179,19,54,40,136,162,142,171,26,22,81,33,18,148,193,196,74,75,170,102,122,125,69,28,166,59,10,138,126,2,68,36,93,41,23,12,172,4,184,31,63,114,108,14,89
97,136,125,28,34,170,128,93,191,184,79,129,196,124,80,35,177,121,151,76,7,175,37,12,30,183,19,4,96,141,6,31,57,41,169,168,192,140,26,66,173,44,154,178,71,107,16,83,110,163,100,13,74,65,186,159,85,52,67,22,46,165,75,69,105,102,146,21,55,181,179,60,73,14,114,20,190,131,187,104,101,88,2,90,81,62,174,147,194,113,86,145,116,82,18,185,33,11,27,148
188,24,57,181,8,16,198,172,120,75,91,131,48,13,61,147,187,92,139,38,130,15,177,44,22,62,178,69,144,33,18,138,170,193,116,194,76,143,95,195,115,117,0,81,73,114,45,102,109,2,163,11,40,104,171,128,169,74,63,27,154,35,30,66,43,166,192,49,84,148,121,5,25,82,3,103,56,110,105,197,145,155,53,64,185,41,46,136,167,90,158,180,191,124,98,50,87,88,149,1
25,197,124,17,88,44,153,90,177,189,46,131,24,74,2,33,92,107,155,8,120,170,52,196,109,181,188,84,178,30,128,191,148,192,198,100,195,32,43,35,71,130,27,65,91,150,158,70,62,38,160,163,114,85,29,40,89,76,166,77,143,112,168,57,151,14,93,136,169,75,96,187,21,145,31,110,134,176,118,113,47,61,157,194,129,39,135,139,141,66,13,50,82,45,81,72,9,162,142,26
134,34,97,170,128,125,93,191,177,80,196,76,129,121,30,35,168,28,12,7,141,173,31,96,4,41,57,37,66,183,154,71,19,6,169,124,44,100,178,192,140,163,74,186,16,110,13,181,175,46,184,79,55,81,165,179,102,105,65,73,159,21,194,60,190,22,104,107,187,75,85,114,83,14,52,67,33,18,90,62,101,2,88,86,146,69,148,157,147,174,195,120,131,20,151,54,11,27,36,56
72,90,68,132,29,157,118,3,100,192,33,42,190,58,50,126,123,164,30,102,161,59,2,101,84,193,55,178,162,34,103,83,195,154,106,43,110,67,148,133,169,20,10,80,131,88,14,115,187,1,143,65,36,76,163,122,174,86,17,127,35,91,112,70,129,61,19,145,173,185,7,167,146,125,0,11,137,156,194,184,155,46,176,171,121,4,153,73,107,186,94,25,75,12,28,197,179,160,177,89
57,62,54,40,16,50,45,166,24,92,180,119,15,177,115,85,75,165,194,131,103,73,141,63,198,120,128,163,193,69,21,135,121,170,74,109,10,44,38,147,81,117,132,158,172,0,192,155,11,27,12,48,176,33,137,22,14,67,6,58,197,66,91,161,105,61,30,144,39,55,129,140,65,122,196,139,35,127,126,1,114,2,189,101,76,108,84,153,171,95,13,185,46,37,93,41,87,23,56,134
44,110,145,177,116,13,104,16,169,75,131,130,143,172,187,84,181,128,120,135,95,192,178,74,109,30,22,163,124,198,19,65,35,62,69,52,57,24,18,33,195,188,85,82,37,147,91,137,175,140,144,151,8,27,186,89,64,171,114,40,191,129,134,38,34,88,81,0,46,158,9,20,4,76,194,41,7,126,155,121,101,92,148,48,2,73,139,80,25,197,90,45,170,12,71,43,47,176,118,51
37,52,31,168,27,19,97,141,85,93,182,41,105,191,56,137,109,196,47,173,32,175,51,65,134,186,96,4,78,169,150,177,170,34,44,128,158,71,16,174,147,12,74,183,140,25,159,120,9,75,57,69,179,192,89,60,114,14,122,124,45,20,131,104,91,125,160,77,101,154,62,155,116,163,30,139,100,15,18,82,11,24,92,195,22,46,67,172,165,0,102,184,79,118,21,73,129,181,80,26
12,196,93,37,65,173,52,170,168,137,71,31,141,86,55,191,85,34,134,118,27,14,186,128,183,77,122,89,105,162,101,59,124,66,74,139,150,60,125,132,84,67,97,190,165,25,177,126,82,175,51,16,174,109,2,68,163,29,21,76,70,112,129,113,19,72,159,54,30,192,57,41,35,181,121,63,194,151,32,11,7,158,46,18,96,169,4,80,79,28,88,44,115,123,62,156,188,47,140,94
180,159,10,26,39,166,70,147,46,31,66,58,87,162,15,122,49,150,154,113,168,186,56,96,160,91,156,23,191,81,21,1,155,55,179,3,19,80,119,127,61,171,77,153,115,92,152,98,59,130,161,43,121,54,60,182,170,112,133,165,93,197,196,63,88,25,45,185,41,117,57,29,167,148,105,40,20,73,50,120,189,67,100,6,72,123,75,24,2,146,69,68,62,74,71,139,125,164,34,137
43,88,192,148,82,178,8,33,195,145,131,76,104,177,140,74,188,163,130,61,71,112,181,29,18,27,100,24,0,11,107,25,92,120,169,117,81,53,47,116,38,101,187,123,77,124,109,44,115,191,9,196,105,2,85,16,170,22,91,135,95,90,144,69,19,56,32,103,155,20,194,118,157,35,137,30,3,4,46,84,197,42,57,48,160,186,41,75,1,114,37,65,21,126,128,45,193,147,36,52
194,18,0,94,119,103,157,57,147,19,120,104,63,118,23,39,91,69,135,20,89,24,72,133,137,165,127,172,115,144,140,81,101,44,114,128,62,159,177,171,130,38,66,83,192,145,116,26,108,13,16,5,139,121,154,181,48,71,122,92,49,156,184,41,70,14,170,4,61,126,191,124,134,163,86,15,11,161,45,164,22,74,6,166,34,169,75,142,8,30,131,198,162,82,141,27,185,12,3,193
177,169,22,140,116,2,91,197,110,192,171,34,44,75,131,128,174,104,144,80,121,73,155,33,147,16,120,62,163,35,114,7,1,167,24,81,57,107,172,95,187,46,126,194,20,60,148,125,181,85,30,137,166,178,153,13,185,176,50,132,129,159,92,19,195,124,69,134,150,158,190,65,184,0,41,38,88,90,188,160,3,6,4,31,76,64,52,93,8,28,105,18,151,145,86,193,179,66,25,55
154,6,69,121,165,172,185,41,34,1,103,137,7,66,13,38,3,100,11,28,191,195,134,159,129,96,4,93,187,57,125,169,133,75,168,178,147,179,54,73,110,161,114,198,80,196,170,163,30,98,12,173,39,113,107,164,156,20,15,35,74,78,102,21,68,19,94,192,46,97,116,67,175,31,126,171,101,193,105,115,60,76,183,79,186,138,149,26,122,37,82,91,106,117,81,88,135,153,71,90
91,159,120,121,15,161,26,69,172,24,75,57,171,185,126,115,20,22,122,66,166,155,19,3,150,46,6,31,41,169,34,125,92,73,110,114,80,177,146,13,193,154,191,44,105,60,2,124,128,62,135,98,143,197,163,145,162,168,194,137,165,4,176,38,30,0,81,101,1,184,158,170,186,132,180,179,7,141,50,198,116,109,131,123,104,45,140,113,68,55,16,10,74,86,49,25,181,139,173,189
43,33,195,81,192,100,61,88,163,1,177,144,11,107,95,117,38,9,56,76,178,131,21,19,25,3,197,194,24,92,120,98,196,109,85,170,174,44,36,171,72,101,182,57,127,137,169,90,73,80,58,2,179,146,128,47,64,155,74,129,154,27,35,91,71,39,156,160,114,8,157,82,103,29,16,62,186,165,55,112,41,75,96,187,0,30,183,4,123,138,191,84,134,68,104,102,18,22,32,136
57,16,154,36,121,129,184,102,167,134,185,6,49,94,76,5,23,13,137,30,34,35,83,63,192,198,178,135,7,170,69,147,163,15,22,19,180,124,95,28,152,128,61,81,119,24,45,117,187,188,175,80,103,82,97,73,133,186,194,48,18,79,33,125,145,39,139,66,183,62,75,11,131,161,130,138,177,159,20,90,40,115,1,21,191,2,0,72,104,107,146,100,14,38,53,3,96,4,165,157
31,191,46,77,168,162,158,155,22,20,25,159,2,185,41,167,75,93,112,55,105,60,148,30,59,196,66,52,121,35,74,28,129,176,34,124,96,179,67,73,122,80,110,29,186,109,173,14,26,128,141,132,37,153,91,70,170,142,180,160,71,113,143,166,78,15,86,197,19,68,21,126,123,57,184,169,7,79,137,198,177,125,87,188,54,161,181,131,146,40,163,44,82,42,8,16,27,174,88,65
124,134,4,125,110,169,114,44,34,77,191,65,88,46,97,52,31,93,28,86,168,181,37,137,26,170,74,159,177,140,112,84,107,184,42,41,13,116,188,128,82,105,2,8,66,175,196,146,29,89,186,12,192,113,178,142,30,176,198,75,131,35,130,98,19,69,7,190,151,174,0,100,185,67,172,195,144,160,126,6,104,76,80,121,20,99,183,59,18,85,179,79,25,136,91,55,148,162,70,141
127,23,5,39,119,189,164,143,94,102,63,157,72,48,83,92,100,154,10,194,70,0,45,96,153,19,49,150,180,145,89,156,90,24,103,108,166,122,13,136,54,61,14,133,62,182,21,81,98,118,161,120,40,183,91,195,135,26,138,139,56,3,173,43,155,149,184,18,57,53,137,165,58,76,185,25,124,132,117,80,159,50,130,17,191,30,134,11,15,148,35,1,67,171,36,178,109,129,38,6
155,92,25,90,197,177,166,189,158,41,131,100,24,46,110,178,30,168,54,136,91,35,7,173,120,151,62,132,109,44,50,52,40,2,172,169,75,107,128,45,146,80,31,160,96,192,93,33,137,34,67,88,64,129,74,21,102,191,13,185,65,187,143,114,70,121,76,171,184,57,42,85,174,195,23,38,148,159,180,73,3,19,14,32,27,198,149,79,134,8,139,181,163,162,47,22,188,161,6,29
3,100,147,137,96,191,15,11,196,170,66,39,33,148,186,103,4,120,38,24,41,57,1,102,134,195,92,98,19,159,161,6,163,71,43,69,49,113,74,129,26,91,156,121,30,173,47,34,149,25,143,168,56,157,165,76,133,97,31,122,94,13,185,72,125,88,127,81,23,61,21,90,179,138,114,80,150,109,78,128,135,178,28,189,12,192,141,118,35,106,145,162,58,105,101,182,8,48,194,54
197,92,91,154,151,24,25,158,120,177,50,169,75,109,41,2,148,131,166,22,3,33,146,160,20,40,29,162,105,45,98,44,171,46,174,31,62,192,191,176,30,179,73,67,15,132,110,100,149,42,195,35,1,66,107,27,64,9,193,85,52,114,168,38,54,43,163,55,136,88,96,70,112,144,178,172,185,123,127,57,126,167,87,143,77,21,68,90,60,59,180,139,19,159,80,51,194,32,189,48
72,118,61,94,39,186,82,101,10,74,155,43,127,149,159,103,63,88,133,12,11,143,119,89,81,108,68,53,49,115,130,196,21,170,191,147,69,163,157,30,66,55,59,26,145,84,162,56,19,180,195,58,194,100,165,142,0,175,57,76,38,23,138,144,1,198,124,148,65,15,70,77,164,112,98,95,123,9,106,113,161,122,71,90,185,178,8,18,29,139,33,121,153,48,92,129,45,25,47,3
118,89,72,76,35,94,145,192,119,18,100,138,194,0,14,164,137,84,88,109,74,102,30,83,178,39,20,8,90,195,155,43,149,196,127,70,103,33,25,170,133,144,23,128,34,44,42,163,19,191,38,134,13,177,36,157,95,112,129,153,183,108,27,131,82,59,110,92,71,198,24,189,162,181,188,29,173,107,47,17,101,184,57,124,55,41,46,172,65,96,187,97,120,154,62,21,80,11,7,125
41,151,168,156,75,30,93,105,22,109,77,177,44,20,154,54,25,57,172,46,31,197,173,166,73,163,131,179,79,60,176,191,14,128,196,51,129,35,148,74,107,141,7,16,40,62,33,137,27,185,169,24,9,162,85,174,92,167,66,91,37,96,4,192,80,55,120,19,104,71,112,139,110,15,21,124,78,59,146,126,123,67,170,132,2,68,34,69,42,140,121,114,142,50,56,28,171,18,178,149
26,148,31,122,121,66,91,162,143,186,46,168,191,151,55,34,115,59,161,185,160,19,15,172,120,57,6,41,184,169,75,93,171,69,87,124,137,80,114,128,180,77,29,81,110,20,170,88,13,2,125,86,155,166,198,113,112,74,82,3,24,65,130,134,0,52,106,167,22,4,165,89,56,105,49,147,133,179,73,157,177,181,152,60,1,62,196,70,44,141,126,10,178,123,42,53,7,173,76,28
2,32,56,88,178,29,162,160,156,47,75,169,24,25,46,26,91,31,191,55,131,170,112,76,59,151,65,42,3,52,168,100,177,186,149,197,154,120,143,66,61,41,192,102,105,43,73,188,144,15,148,110,198,77,146,115,20,106,81,141,1,89,85,74,107,45,27,33,34,114,137,181,93,97,58,17,182,44,171,174,82,195,92,193,57,167,184,98,8,179,136,30,180,196,19,125,124,78,70,152
122,148,121,126,132,91,160,6,7,80,185,123,115,15,193,94,171,26,110,162,173,120,129,54,69,155,83,34,165,163,133,13,10,30,176,68,138,102,3,106,86,190,55,101,42,75,24,90,66,59,19,189,147,103,125,151,50,137,172,60,65,57,67,111,31,46,184,180,166,12,186,73,98,139,187,104,143,128,164,194,156,191,100,2,84,169,81,124,22,92,58,198,29,146,177,114,23,1,44,168
55,59,29,123,42,191,160,151,66,26,122,41,31,115,46,77,86,161,68,67,176,173,20,168,186,156,126,167,179,70,170,101,14,65,2,162,143,148,22,142,75,112,34,88,30,132,91,84,74,106,118,89,137,185,56,105,28,12,54,184,159,82,10,73,58,96,196,25,80,93,138,53,87,19,72,128,15,76,124,190,169,178,129,125,35,121,8,110,188,103,113,155,3,83,193,71,181,57,43,100
33,129,192,21,149,177,11,57,7,95,73,104,128,30,16,195,74,90,75,22,196,131,44,19,170,35,69,43,109,137,38,80,175,144,84,126,100,24,123,92,76,124,191,2,102,146,159,101,81,107,25,8,148,88,197,103,72,62,56,120,60,1,34,140,134,155,167,36,118,71,41,46,162,6,133,4,121,186,20,12,178,61,82,179,139,85,15,187,188,3,194,156,68,105,171,18,110,176,117,66
23,110,70,50,158,127,13,108,133,119,84,138,132,92,48,194,58,122,39,118,153,42,166,189,63,49,45,185,40,147,94,130,17,54,67,0,162,121,178,10,72,112,115,3,106,156,5,192,148,91,59,66,89,83,145,154,198,113,169,34,75,180,62,155,103,1,157,160,20,30,172,14,143,87,195,76,139,24,100,18,21,25,193,88,171,196,105,197,2,102,135,35,117,55,120,114,163,125,26,44
1,81,68,93,4,12,172,41,57,179,19,54,103,137,114,80,66,6,147,171,173,194,190,69,101,121,139,126,34,148,115,10,7,98,162,133,11,0,168,134,73,160,142,177,91,155,174,145,193,169,107,128,62,180,3,55,170,122,15,149,125,123,61,195,120,86,96,97,164,175,31,65,56,183,50,38,67,26,22,104,39,43,143,191,163,60,44,75,159,105,21,83,157,33,196,18,20,129,192,100
46,185,62,50,92,180,57,75,148,156,87,139,91,197,10,115,154,105,69,15,143,121,70,40,159,171,24,172,160,73,176,132,54,66,22,67,74,151,120,44,193,126,146,114,177,20,128,1,0,169,41,104,45,30,131,38,80,31,110,13,198,103,119,3,4,34,179,165,39,164,6,26,162,122,135,112,124,113,77,60,21,109,123,16,48,189,42,23,167,2,81,117,174,37,127,49,192,19,133,166
22,46,73,80,66,129,151,55,16,2,179,181,128,180,163,8,188,75,35,191,60,34,74,59,15,33,7,121,20,146,170,28,185,30,164,86,57,82,41,184,31,4,160,93,36,186,104,87,79,177,137,95,6,29,159,174,21,124,71,77,187,156,176,196,126,123,110,190,68,197,125,148,96,19,150,133,12,168,54,134,44,26,40,67,1,91,171,42,78,111,169,135,105,131,167,69,83,161,155,192
31,93,173,41,191,196,52,151,141,137,142,37,159,105,71,160,170,77,25,34,186,26,46,96,4,163,79,66,65,19,134,60,122,32,113,78,169,124,51,128,154,125,86,174,148,112,152,74,27,12,7,181,109,172,97,166,184,91,179,183,161,55,155,143,80,156,177,89,107,114,14,75,85,67,70,44,100,59,88,147,2,121,120,30,20,28,54,56,110,116,29,175,57,168,182,82,102,132,8,73
75,116,177,114,174,110,146,34,195,91,171,192,1,131,44,31,178,172,41,4,156,105,107,179,137,3,65,197,140,20,125,120,2,85,52,148,51,27,190,19,160,134,81,152,22,161,88,46,0,93,169,194,73,191,33,80,100,98,121,187,141,24,29,149,126,170,128,66,144,59,28,68,86,43,13,175,37,176,11,47,42,38,159,154,62,50,97,67,57,166,198,184,55,61,151,147,193,167,30,164
196,191,137,71,76,66,134,2,93,57,12,142,34,105,55,128,16,125,74,188,88,85,124,169,97,46,31,164,75,41,27,28,178,73,192,129,177,118,35,131,30,155,186,82,198,37,181,25,72,65,163,102,33,149,21,77,8,56,52,59,19,96,20,160,4,86,100,22,161,107,11,24,170,168,195,180,89,179,151,141,70,80,121,148,47,119,43,152,101,44,60,113,84,135,144,7,175,26,173,139
91,1,81,38,120,148,170,114,177,61,172,146,3,24,98,80,193,69,121,15,75,50,131,44,62,19,160,174,57,110,166,0,6,194,167,156,162,73,33,149,92,195,179,197,180,20,126,9,2,13,185,43,11,192,46,198,22,4,164,100,60,104,66,140,34,26,145,90,187,128,115,39,135,10,7,95,116,68,143,64,127,51,40,27,154,190,176,45,159,117,178,107,41,88,168,161,133,30,31,103
91,62,198,13,57,148,120,177,114,44,170,172,75,135,69,121,24,110,0,41,166,140,160,6,81,128,159,38,147,131,194,167,35,15,7,92,116,146,185,46,4,93,73,19,169,54,80,109,137,181,104,22,26,40,1,154,66,50,145,107,193,192,124,187,156,34,3,126,33,115,74,139,178,20,195,16,197,162,2,61,76,30,164,31,98,11,179,103,130,134,84,8,95,173,180,129,151,105,188,191
169,122,31,93,142,137,41,14,67,141,34,163,132,105,54,96,196,79,166,159,37,86,65,134,191,162,52,125,151,154,55,12,7,155,71,126,97,4,171,42,184,100,59,101,77,183,68,19,25,160,80,78,148,190,60,170,128,51,147,121,174,29,111,26,109,30,28,66,91,27,186,123,156,110,89,32,113,173,46,83,70,179,115,18,102,177,158,6,76,138,120,107,75,85,114,124,44,112,178,176
170,85,1,51,177,93,3,33,190,4,31,197,60,146,105,34,114,183,52,73,107,172,80,179,81,27,149,156,192,195,91,169,137,9,196,116,37,125,141,131,44,159,2,62,166,11,41,75,110,168,100,58,194,128,25,142,134,19,66,28,120,98,22,71,43,164,121,109,174,151,15,20,171,65,50,112,38,148,126,7,138,154,117,68,79,104,161,46,57,12,96,173,97,67,32,175,6,0,24,167
134,19,124,4,186,101,137,141,164,37,104,12,69,11,68,191,129,97,34,41,170,125,7,179,52,131,30,177,171,44,65,27,90,128,140,16,107,83,51,142,85,20,74,28,118,102,195,94,192,116,176,96,123,152,31,57,166,93,126,182,75,105,56,183,169,148,73,196,114,80,82,81,155,147,61,175,9,72,43,157,22,35,100,47,18,33,121,15,149,21,160,120,86,0,187,173,144,6,46,95
123,126,75,22,42,124,67,20,55,46,115,68,29,185,163,59,151,30,159,41,86,28,156,179,105,167,193,73,132,148,170,177,110,162,131,74,146,69,164,191,44,121,129,34,50,4,57,35,168,54,107,2,77,125,101,139,80,18,103,84,104,176,192,14,70,128,197,66,91,16,152,172,83,15,134,19,190,160,112,31,65,88,173,0,184,140,166,137,144,10,7,122,87,99,138,188,33,116,174,26
44,192,131,33,128,146,120,81,62,170,57,194,137,24,149,197,91,164,140,35,114,16,2,75,85,172,173,38,0,175,107,156,73,80,19,104,181,134,178,22,110,88,25,92,195,30,129,69,43,34,187,121,124,65,90,74,109,7,171,40,144,1,154,13,159,52,76,95,148,41,46,97,4,11,93,27,100,18,139,198,6,61,8,135,188,191,136,60,21,126,36,141,196,20,9,116,125,84,101,50
76,131,88,30,192,110,102,170,75,187,61,198,178,144,161,100,24,35,195,2,90,149,137,13,171,27,85,43,191,42,81,130,188,154,84,44,129,56,34,33,140,134,57,65,59,25,29,9,186,52,45,135,120,128,82,47,36,164,158,112,16,124,115,74,146,77,107,138,114,19,160,194,32,156,189,105,92,147,125,55,0,101,181,173,41,163,7,38,46,91,8,121,196,197,116,97,96,136,185,20
68,41,20,73,80,96,4,19,1,22,170,75,66,105,28,191,34,123,195,31,46,166,168,67,98,137,56,175,129,163,159,151,55,172,116,43,177,156,126,3,15,100,59,171,51,125,149,104,185,148,30,164,9,57,128,93,176,169,178,160,134,29,121,131,78,114,44,81,42,91,147,180,155,192,16,110,143,60,69,21,107,167,190,141,33,35,196,37,115,79,74,10,7,183,77,86,87,101,197,2
143,39,57,66,167,80,73,21,15,2,121,139,54,168,119,46,62,160,10,60,185,40,1,172,6,58,171,75,151,198,148,128,92,91,26,81,31,24,133,166,34,93,113,105,50,87,115,180,193,7,55,156,22,196,70,61,74,129,164,69,197,162,63,132,16,56,169,127,137,59,173,49,157,163,72,154,188,159,96,45,19,117,135,122,124,30,77,191,161,155,3,178,13,71,35,146,67,149,33,126
8,188,124,74,82,135,46,18,178,88,104,187,44,128,86,16,137,168,140,191,32,171,25,144,22,120,2,69,35,99,131,30,152,169,186,110,198,146,93,116,91,37,89,13,173,4,71,43,57,29,0,31,84,33,95,65,184,196,134,102,19,160,52,80,24,76,148,77,126,90,170,75,62,179,136,151,129,12,192,164,130,109,36,34,121,112,7,142,118,66,185,60,97,26,41,145,81,163,5,49
56,141,19,43,149,96,109,9,196,21,32,25,100,195,97,176,31,164,41,169,186,180,155,143,71,161,78,107,39,81,47,191,105,33,124,159,101,88,151,144,192,74,127,72,61,77,92,27,93,82,4,37,57,134,85,1,38,112,137,52,183,73,160,103,80,14,26,178,60,175,113,174,75,104,117,163,171,20,44,102,157,95,156,128,69,3,129,148,51,177,76,122,15,131,120,123,24,68,16,153
137,34,35,80,134,37,96,76,175,93,7,52,196,129,85,142,100,128,19,21,62,31,97,169,60,178,125,9,195,95,121,141,81,174,13,171,12,28,27,110,71,51,14,6,149,90,30,180,79,102,191,192,179,187,112,116,176,44,170,4,166,158,164,186,109,105,1,190,65,151,69,147,198,155,11,104,43,146,67,33,152,73,181,131,25,124,68,77,57,2,41,173,89,132,72,154,172,122,36,16
125,134,26,34,28,31,80,97,79,19,137,160,22,83,121,110,18,86,20,41,168,148,46,128,169,163,182,91,174,122,170,75,151,102,191,152,7,187,124,116,185,146,99,16,30,82,162,150,73,96,4,36,14,180,93,104,44,178,154,23,87,186,132,8,66,145,6,67,42,129,188,89,100,113,55,60,59,105,192,74,161,155,35,177,126,15,158,49,32,156,13,179,141,70,138,53,171,2,57,173
121,30,167,46,13,34,66,35,148,151,69,22,129,160,20,115,28,110,57,177,6,67,80,75,162,54,87,91,42,74,7,147,15,132,181,59,124,77,128,191,168,198,2,41,173,126,123,172,122,73,180,105,55,137,125,193,163,26,40,29,159,24,146,155,156,86,90,68,185,134,0,104,179,62,112,154,188,14,31,120,44,165,103,82,96,170,133,4,76,164,131,94,8,60,114,178,50,150,182,98
191,19,160,12,52,82,65,124,74,89,56,169,101,137,176,26,4,31,171,88,163,155,157,142,141,37,128,118,15,69,102,151,77,179,76,134,129,164,30,55,148,182,196,34,168,96,46,93,59,41,81,7,161,72,143,32,104,43,80,178,100,44,33,47,140,21,149,2,94,9,16,25,86,35,120,187,144,112,123,121,126,20,78,125,188,162,109,192,122,60,152,97,190,6,90,57,66,184,91,170
90,179,182,110,178,13,140,188,36,8,129,135,69,137,30,6,35,100,33,170,7,195,80,131,146,104,126,120,44,128,144,38,102,2,16,101,76,22,124,164,91,95,19,147,134,192,43,173,60,32,34,121,168,18,185,84,75,81,24,117,172,149,12,88,187,198,73,116,25,64,82,154,184,65,86,191,162,138,111,193,21,148,52,74,171,125,155,130,194,61,0,156,57,46,97,96,4,11,132,27
8,182,135,16,74,82,171,124,2,46,131,88,198,188,144,86,76,102,191,168,57,24,179,22,18,104,75,30,25,35,128,44,84,178,105,90,77,95,29,196,99,140,164,137,71,43,32,112,33,130,129,73,151,69,63,152,136,192,161,118,110,116,120,89,13,186,146,36,187,109,48,27,5,115,49,59,55,193,163,66,37,91,126,70,53,61,19,72,160,65,56,169,21,134,0,41,100,173,181,185
120,23,24,154,92,197,17,25,136,194,91,45,0,90,179,13,148,127,162,30,153,38,165,156,40,50,198,155,100,178,131,54,108,65,96,122,35,62,89,121,57,52,109,88,158,167,139,63,98,186,106,119,130,191,192,102,53,81,61,33,143,76,172,70,94,188,3,193,110,114,27,135,151,2,160,69,129,137,44,46,84,47,48,49,132,6,173,85,145,174,14,118,15,157,11,124,128,21,164,58
175,12,34,170,60,137,55,166,125,4,126,68,65,138,86,80,51,128,1,42,142,116,33,3,162,58,178,134,93,171,101,67,133,31,174,66,29,123,163,168,110,83,146,2,180,59,73,28,121,132,187,81,75,7,107,172,37,194,193,182,192,191,114,105,21,169,100,196,149,102,197,177,164,184,19,160,152,44,155,97,46,6,22,195,91,78,122,76,41,148,115,20,106,89,129,84,85,47,15,35
171,41,169,151,137,196,96,30,66,31,163,187,65,124,52,74,77,134,19,160,129,55,46,20,35,93,28,12,88,34,155,71,59,180,142,100,82,37,141,118,25,128,102,47,22,78,125,105,89,56,182,76,179,2,68,148,86,192,189,67,98,97,26,164,4,27,57,152,168,29,161,170,75,174,8,159,156,72,198,14,178,131,176,186,24,44,84,195,21,16,49,120,85,144,123,147,101,109,69,70
178,33,149,131,164,88,144,194,107,85,195,170,43,179,11,1,146,19,44,81,38,0,57,35,20,2,137,100,76,24,196,92,128,25,171,197,27,120,45,75,16,47,22,95,36,74,109,102,114,30,118,192,134,158,129,21,62,117,65,34,140,41,175,156,61,9,52,73,3,138,18,103,84,82,90,91,48,8,71,172,72,198,127,110,89,40,69,112,154,98,50,188,159,121,173,124,161,97,4,46
126,115,91,103,24,172,69,73,38,15,50,123,29,148,2,61,3,162,0,75,57,1,120,177,131,105,186,139,101,167,135,43,156,68,194,10,138,33,166,46,6,98,11,173,170,58,81,197,42,92,181,114,178,121,106,55,198,189,146,144,122,66,188,163,60,90,54,59,191,160,45,86,67,4,22,164,88,161,133,127,149,117,147,195,179,180,193,20,80,51,27,12,104,44,175,84,62,16,132,190
0,81,120,145,178,193,18,24,91,114,62,127,57,89,11,33,149,92,1,61,45,38,103,137,44,172,170,166,173,133,158,131,108,19,148,94,139,190,3,146,128,69,117,65,197,195,119,66,107,40,121,118,135,194,5,85,43,164,98,50,83,36,88,175,171,179,13,165,144,101,115,134,76,2,160,72,6,156,48,198,23,100,58,140,142,17,25,63,35,20,26,29,27,34,162,12,155,191,39,52
100,149,43,33,1,170,193,11,3,61,107,81,164,98,178,179,38,88,144,131,95,92,64,19,24,180,25,47,44,72,114,9,90,127,84,27,120,56,155,172,85,175,109,196,41,137,75,96,188,171,4,21,192,68,74,195,156,140,8,147,65,39,158,91,116,117,184,197,135,52,103,30,36,138,105,71,146,128,57,0,176,173,166,76,104,110,183,80,73,198,101,134,34,2,118,102,51,35,129,18
71,171,93,142,192,169,25,137,31,105,74,113,37,66,88,21,134,77,85,52,164,27,112,12,193,151,141,118,109,34,128,155,76,82,55,60,72,39,174,125,149,124,33,8,2,184,96,100,97,107,11,46,57,41,196,28,49,159,79,129,14,70,178,35,30,175,47,84,187,144,16,43,189,65,182,163,32,59,158,183,19,160,197,86,67,22,4,20,136,168,75,170,147,92,1,181,179,89,40,180
156,178,2,33,136,146,91,175,46,170,154,75,193,25,131,73,167,17,149,22,107,24,120,159,92,1,85,148,50,60,109,164,105,190,44,172,62,57,90,80,20,3,195,43,110,128,88,151,27,81,38,161,171,196,35,70,66,197,29,40,34,121,114,194,16,125,93,137,55,76,144,112,179,173,41,31,168,126,30,181,58,21,180,177,139,15,132,11,51,71,100,135,64,117,74,61,129,140,28,95
57,173,13,24,131,135,179,75,62,35,130,84,189,110,2,76,171,74,120,44,121,178,30,128,40,160,192,69,124,186,140,61,38,46,88,92,119,16,8,181,139,182,25,66,91,148,193,129,172,45,170,89,15,109,6,114,164,73,151,167,102,147,81,112,115,85,188,0,65,161,59,196,82,90,195,190,137,33,52,39,194,136,26,95,197,152,63,146,27,118,187,158,155,116,11,22,34,80,154,162